1. 1
2. 1630
3. 23
4. 83
5. 144'1/17
6. 1'169/307
7. 128
8. 5829
9. 3315
10. 686880
11. 158
12. 23/30
13. 117
14. 6643
15. 128
16. 25005'5/9
17. 74'1/11
18. 94'3/13
19. 7/304
20. 2686'30/37
21. 4'17/8536
22. 51
23. 95/3957012
24. 149
25. 5461'5/27
26. 24'66/85
27. 22/2961
28. 48
29. 17'17/18
30. 96'1/28
31. 3965339'1/6
32. 620
33. 9
34. 2554
35. 72
36. 1450
37. 3'23/24
38. 108
39. 5606
40. 6319
41. 37/62
42. 15
43. 5'2/25
44. 663
45. 17/1330
46. 1958
47. 434/2329041
48. 262'306/637
49. 25'15/28
50. 1659/1679
51. 20
52. 53/78
53. 9'3/8
54. 1'103/432
55. 118'71/85
56. 1551'1/89
57. 42'268/279
58. 29'351/1028
59. 5346
60. 7480
61. 7'180533/275310
62. 2103'15/34
63. 37'384/943
64. 47
65. 23'9/10
66. 1'2/95
67. 960'8/41
68. 106
69. 130
70. 12859
71. 25368
72. 4478'25/51
73. 2242
74. 112'18/53
75. 59
76. 104'5/54
77. 1'25/27
78. 3735
79. 37
80. 1'45/46
81. 980
82. 41/74
83. 7920
84. 39
85. 357'7/19
86. 160
87. 1513
88. 4427'7/19
89. 1734
90. 0
91. 3681'2967/3401
92. 4312
93. 2'9/23
94. 2156'326/329
95. 93
96. 127'35/62
97. 72542
98. 1207
99. 1855
100. 85'5/12
